layout_spectrum: 0.9165261
color:
  saturation: 0.7150084
  brandStrength: 0.9462621
  lightness: 0.1602024
  rhythmicContrast: 0.3052277
typography_spectrum: 0
name: Seblovesyoutiao
